390

8111

81119111, wilt, 9991. 8. Μ. 11, 1451
prob. 91 81. Peterin Β99.,145

8191119199, 1991, 231

- perp. 991, 348

8191199119, 9911919 91 91111911 91, 348

81991991, 999119 91, 144

- (19119111)

81919111, 191. (19, 9911, 134, 131, 138,

81191911, 11111. (19, 95

819981, 338

Slymbridgo, mon. 1999, 298

- 1991, 292

891919, Joh. 19, 92, 93, 94; 999, 101,
108, 112, 185

8919111199, rect, 240

89199199 Magno, 1991, 311

8199199, Rob. (19, 9191, 141

891111, doh„ 919, 324

-1199191, 11119, dan. 91281

8911119199, 591. (19, 64

899111, Η9111.(19, 181

89991191, 11191, 196, 211

society 1911911919111. Riding olergy.

89199999, 9999911 91, 60 n

89111911, 1991, 283

89199199, example 91, 163

891991191, preb.. 344

899191991919119939119 91, 294

- Will. de, onst. 8. J. Β, 129

- - 1999191 91 S. 11. Μ, 29

89919191991991, 181

899191199 (11991246

89119911 9999911, 242

899111919111991919199191, 81 o

Sonlby, Joh. de, 9911, 146, 239

-91191, 8. J. Β, 146

89911111191991911, 123

89911991111911, 81119 91, inscription
in, 219

- Hoty Rood 1191, 211

·- 991191, 291

- 19111, 351

89911111, 1991, 201

8991199911, 18, 19, 58, 10911, 15811,
169, 160, 220

·- 9191119191, 1, 18, 19, 120, 261

—- indulgence for 191119, 3 n

-19119119, about 119 1999119119, 1

- - about 11989919, 85

- minster, Dimock on, 4 n

— mon. 1999, 296

-1119199119, 145, 184, 254, 919 (teo
under 1199199 91 1119199119)

·- 1991119999 91, 111

·- 919919919191 91, 231

-— vicar-general at, 254

ο- Whito Book 91, 184, 230 n, 231

Spain, 1119 191991 Don Gabriel of,

INDEX.

8111

Spain, 19191 coll. 91 1119111199 19, 216

81199991, 1191911, 352

8191991111, 9911, 250

8111991, 191, 999, 190, 191

8119119111, ’119, do, 9911. jur.. 114

8119119111, 991, 213

- (1919 91 broad at, 295

- mon. inse.. 295, 310

- 1191, 233

- 1991, 282, 294, 310

8111991191, 1991, 201, 323

8111911919911, 296

stafford, Thurloo‚ 286

8191991911 9181919119111,9911. 91, 209

81919191, 123

- 09919199, 144

8191991991, 64

811ζ199191199 (8199991911) (m
’1919)

819119, canons cited in, 101

81991911919, 158

8191119111, 1991, 221

- 11911.119,999.,111,10,224

- 1111111931

8191119119, 1991, 260, 315, 331, 341

- 191, dean, 341

8199191, 199199, can„ 206

- 99919 1911999999, 206

-bwarden 91 Μ999199191, 201 (1111,

81981991 1491919250

8199911911 (8191999181, 81919·
1119319, 8919991199, 8191991911),

-29191119191101919 9111199999 191,

- 91191911 91, 10

- ·11919999’91, 245

-prob, 8, 9, 11, 32, 13, 85, 86, 121,
140,150,168,119, 119, 180, 202,
213, 221 u, 2411-211

- - founded, 2

- - how far reserved to arcbd. 91
Riohmond, 3

- 1991999911 91, 19 19 9999911911,

-191919 11991911, 2, 10, 45, tt,
24511

8191119199, (1111. (19,1911.,61

- 999,, 2211

- 11119119, 238

statutos to bo 91199 191 1991991199,

81999199, 1991, 219

81999199, 119, 219

819999191,.1911., 180

8191911191), 1911. (199911, 131

-1911, 919, 138

8191191199, 220

81919191, Agn. (19, tt

Stephani, 11911. 111. 999,, 4

 

