BAL

Balderby‚ Tho.‚ 146

80100011, Ralph de, 225

- 1101). 00, 000, 107, 108, 1090,

- 0001011111 10 8011. Π, 226

, 8011100010, 333

8010110111, 0110101101, 187

80115011, preb„ 226

8001000000 01, 298

80011, mabilla del, 63

Bannebyre, Adam, 01000 00011 and
penitenciary,9

8000011010101111101101101000010, 8411

8110110010 0000011 001 1101111011οᾱ,

80111001, 0111101 01, 74

801000, 3011100, 110, precentor, 324

80100101, 300.,11011. 0011, 352

8011101, 87111, preb„ 297; 801), 279

Barking Abbey, 01100111 111, 238

- Α11110110110, 110, 220

- dean of free chapel of, 219

- 110, 269

80101111 1101011, 100, 325

Βο11101)1,Μ1, 302

80111010, Tho.‚ 321

Barnard's 1110, 2740

81110111, 111011, 196, 214, 215, 230,
232, 284, 305

80100111 super 80110, Will. 00, 09

Bamingham, rect., 239

80100101, 81. 0001100, perp. 001,

801011, 3011, 114

801100, 196

*T preb„ 225

-1001, 293

-111 Fabia, 1001,, 267

- 11001 80011111, 268

8011011, 8111, 242

8011101110 8111101, 337

- 001, 293

-1001, 279, 313, 315

80101011, Life 01 10011011, 282

8000111100 01 8001100, Rob.‚ 110, 133,

80001010, 1490

80010, 00011011 01, 190

800001, 011 8011111, 237

80111, 01011000000, 252

- 800100, 0111, 351

- 0110110110, bishops: Bokington‚
214; 80011111, 202; 8118101100, 205

8011101, 0101000000, 344

80111101, 2300

801110101, 111, 332, 314

80110101, 81, 010110000011 01 0011101-
11011270

8111101000, st. 1411110001, 350

8011101010, Christ 01101011, perp.
001, 350

359

BER

8011111, hospital 01 St. 11011 Mag·
001000, 236

8011101, 101101001011101, 308

80101,1110 abbe, 275

80111100, 1001,, reg.. 307

8000011 (110030, 297

8000110010111111110, 207

80011(80110)

8000111001, 111101 801, 103, 105

8011011, 11011. 00, 000,, 73, 74

Beck. Antony, 0011. 1011050110 01
8100111011, 8, 0 ,

-000, 199, 2450(οω Barbam, bps.)

- bp. The.. 245

- walt.. 245

Beckingham, preb.‚ 197, 224, 231

—in 1110 clay, 2300

800010, 317

- 11100, 111 11110011 01, 284

-- 1001, 215, 238, 261, 234

80011010, 1001,, 345

8001010, 0110110101 St. Thomas 1110
Martyron bridge 01, 187

- Joh. 00110 01, 195, 239

’ 80010100 ed. 01 Sym. 8011,, 316

Bedlington, 110, 233

800011ηο101,111011., 229 ’

800111, 810,187

800111, 1110, 242

8001010, 1001,, 267

8000100, cur„ 314

- perp. 001, 285

8011010, 8011,,100110, 29

80111ος1011, 11101101, 214

8011,301111,11011. 000,, 340

80110 Aqua, Steph. 00, hall.. 50, 53,

1101001 00, 1411111, 000, 180, 209

- 810, 210

- Tho.‚ 209

- sir will.. 210

801101 (80110 Aqua, 110)

8001100110, preb. 01, 111 Sarum, 118

8011000100, Will. de, 95

Benedictus, 1. 102

80010100, 3011. 00, 000,, 23, 32, 40,
41, 42, 57, 60, 1841851 family of,

8011ςο1 8011100 8101, 345

Benington, 185

800103101111, Joh. de, 0011, 1217,
34, 44, 46, 211, 256

Benryng, 3011, 0011, 138, 194

8011000, 101. 000,, 1011011 010111, ,

verger, x., 354
8011111001, 1001,, 217
801, 3011. 00100011, 214
*8010013 Rob.‚ 114
Berege, Mary, 15611
8000101010, 127
80110101, (1001110, 1010, 285

 

